0 -3.02 86.57 62.05
1 0.98 111.97 68.78
2 7.58 134.97 74.81
3 12.38 155.57 77.19
4 20.78 179.37 71.33
5 32.18 200.97 55.28
6 45.38 216.97 33.09
7 62.58 233.37 11.72
8 91.18 242.97 3.19
9 118.18 234.17 13.07
10 136.38 215.57 33.39
11 149.78 199.57 55.41
12 163.58 177.77 71.23
13 170.18 155.57 76.13
14 174.18 134.37 73.25
15 180.58 110.57 67.23
16 184.38 84.97 59.93
17 14.38 75.37 -31.80
18 24.78 69.57 -48.40
19 38.78 68.37 -58.57
20 52.38 70.17 -63.77
21 65.58 73.57 -64.95
22 114.18 72.17 -66.36
23 126.18 68.97 -65.43
24 139.78 65.97 -60.51
25 153.98 65.97 -51.01
26 166.78 72.17 -34.50
27 89.58 106.37 -56.89
28 88.78 125.57 -61.34
29 88.78 144.17 -68.43
30 88.78 157.37 -66.25
31 75.58 160.97 -40.29
32 82.38 163.77 -43.79
33 89.58 166.37 -45.27
34 99.18 163.77 -43.48
35 105.98 160.97 -40.10
36 34.78 99.97 -35.66
37 41.58 97.37 -46.68
38 54.78 96.77 -47.34
39 65.58 100.77 -41.95
40 54.78 103.97 -44.28
41 41.58 103.97 -41.82
42 115.98 101.37 -44.22
43 126.18 95.97 -49.65
44 139.78 95.17 -49.31
45 146.58 97.97 -37.93
46 139.78 103.97 -43.84
47 126.18 103.97 -46.33
48 61.18 187.97 -21.74
49 68.58 184.57 -35.60
50 82.98 181.37 -43.81
51 89.58 183.77 -44.47
52 98.58 181.37 -43.86
53 110.58 186.77 -34.65
54 121.58 190.77 -19.12
55 109.38 197.77 -28.77
56 99.78 204.17 -33.08
57 90.38 204.17 -34.19
58 79.58 202.77 -33.36
59 71.18 197.77 -29.73
60 63.98 187.37 -22.25
61 82.38 189.37 -36.50
62 90.38 189.97 -38.38
63 99.18 189.37 -36.10
64 119.58 189.37 -19.57
65 99.18 190.77 -34.79
66 90.38 190.77 -35.80
67 82.38 190.77 -34.98
